16719
16722
16724
16725, australia
16965
16967
16978
17217, canada
17224
17228
17230, china
17231
17242
17477
17483
17487
17731
17747
17993
18002, france
18242
18245
18253
18258
18507
18517
18756, indonesia
18764
18766, india
18770, paradox country (iran, iraq)
18772, italy
19024, japan
19282, korea
19542
19777
19798
19800
19801
20044, netherland
20047
20552
20556, poland
20564
21071, romania
21077, russia
21313
21317, sweden
21321
21323
21576
21586
21591
21825
21843, usa
22094
